001144
000503
004790
004407
004899
005510
000071
000544
003730
005918
005352
001950
002105
002071
003945
007004
000803
000870
007385
006179
002645
003107
006487
007352
002906
007330
005859
000599
005146
003303
002948
002175
002472
006028
003379
004481
005504
005202
000640
005872
004358
006640
001165
002632
000968
002507
001241
001988
000445
005845
003461
004602
003908
001650
003903
000834
002961
002954
000812
005380
000499
001923
006415
002618
003914
006130
007316
007118
007364
003539
005448
005257
007033
001558
001467
001744
005399
001312
001639
001649
001046
003053
006858
003263
005578
000253
006795
006902
001453
005713
003004
004826
005794
003147
000085
003166
001759
007354
002598
003318
006801
006250
007127
006405
007273
002338
004621
004735
002401
000758
004028
002913
003416
004824
006772
002739
004315
001280
001081
006368
000083
006656
001573
007339
001778
006838
002609
005407
000611
000608
007120
002761
006591
003663
003573
000509
006910
004033
005992
000339
000731
000949
000658
000011
002909
001490
001714
003108
005730
003213
002917
002002
005767
006970
000810
006252
003296
005247
002520
007293
000228
001526
006406
006867
003029
000089
004419
007276
002836
001253
003760
002516
002535
000056
002901
003645
001683
007036
001492
000818
004132
000742
007227
000667
004816
003235
000164
005715
005383
007379
000479
002170
000311
004947
003603
006939
001223
000808
000407
001154
001338
002268
003077
005871
001222
005051
007086
000795
004949
003720
004020
002777
006135
001912
003481
003224
002689
007011
004883
003062
001170
004086
006684
001723
002704
000102
000290
001036
003986
002215
006194
003320
007299
006608
001191
003097
003667
005900
001115
006112
002530
003575
004052
005808
004636
003336
004889
003453
001756
001204
006880
003286
007002
000896
001407
001232
005893
005330
002555
001017
005560
005482
004674
001823
000682
005610
005088
000960
004323
006971
007157
002379
000038
001474
006729
006109
001396
007190
002694
001121
000891
003118
006884
005523
006532
004405
006396
004866
004273
002267
002355
000972
006522
007395
002191
007381
006713
007402
001149
005649
000987
001760
006128
004688
000716
006832
005007
000550
002832
002721
000902
006949
002552
006566
004881
007441
002735
001797
000387
005174
001100
004795
005024
002545
003049
001384
002577
000613
004810
006721
003319
007380
005558
006496
004848
002612
006664
006574
005319
001478
006260
002241
007362
001168
000992
002976
004071
003165
000363
007323
004076
002043
005287
002515
001281
002070
003440
000259
005455
007326
000739
005199
000586
001840
002533
002443
001265
007435
002889
001477
002032
002528
005443
003007
000738
005165
004255
001293
000553
006377
004415
004586
005612
002977
003364
000852
002073
002643
007102
002130
005662
005728
000355
000163
005531
005236
007389
001248
005792
006626
005638
001308
004094
007084
002316
006654
004305
005742
001040
005014
001644
001048
002616
005384
001463
004404
004567
003351
002138
000622
006623
001517
001631
004780
003933
002933
001333
000879
002349
007433
007356
001425
000421
000843
000183
006208
007271
003876
000251
000100
003100
005065
005329
006577
003946
001572
006474
001506
000075
003636
006187
000815
001335
003371
004085
006868
002924
005807
007303
004641
003017
003313
003073
005179
003291
000294
005791
004906
001618
007408
006356
001854
003939
002967
004329
004489
005692
002513
006143
005167
005080
005889
006251
006103
007224
004730
005222
006659
003233
000991
002541
000632
004912
007023
001540
005517
003080
000668
005390
001183
006822
005208
000626
002168
004814
001630
004333
003458
005999
005624
006542
006638
006429
004043
001085
001146
002785
000446
000176
003407
003273
000841
001883
004587
005839
006204
001390
006262
005804
001658
005411
000836
003714
004097
003172
006547
002790
004646
003980
004827
006235
004173
005447
005396
001145
006751
003952
001590
004248
005942
004331
000371
006931
003290
003624
002557
001847
004023
002356
003968
003632
003381
003012
003562
004424
005503
003492
006735
002167
006181
006765
005161
000125
001198
000114
001092
004989
004834
007420
004050
002929
006616
005518
003491
006527
002374
006444
006310
007009
000101
006044
001725
002638
006185
005302
004718
006063
000198
003259
007046
005274
006648
000893
000430
002550
002103
002022
000752
004971
005372
003875
005021
002247
006897
005029
002865
002650
001132
006391
001255
000108
003906
006736
007314
003169
004007
003178
002025
005970
003423
005196
001927
003237
003382
006189
004509
006559
002495
000585
000609
007013
000644
006786
001703
001310
006799
003680
000051
003413
004083
002102
000394
002783
004855
001273
002908
004171
003915
004223
001472
001673
005225
001037
004537
001473
005755
006863
004801
000017
004187
005618
000338
004063
002195
003158
001143
003075
002478
006022
006674
001454
002691
001495
004389
007388
000496
003510
002571
005231
000157
005434
005882
001089
003231
004003
005880
001123
001076
006890
003454
006048
004659
002887
004941
000058
002273
006600
000543
002754
005520
004458
004887
000916
000619
000010
004788
002946
004521
005550
003200
006239
007010
001716
005925
007137
007196
003278
002213
003043
004770
002387
003547
007123
003718
000301
005776
004681
003493
006298
002642
002654
002075
005597
004689
002629
003956
006898
005241
006576
004219
004480
006798
005079
003751
004955
006724
001400
005810
001989
002779
003843
002216
001179
002673
006851
004885
002185
006417
004580
004786
005547
000574
001648
000545
003746
002677
005697
000076
002109
002688
006551
007167
000280
001762
003741
005823
004240
001231
003339
005280
004653
000254
000139
003392
002537
006553
003570
003543
006857
007315
001563
004157
003298
002486
003495
006118
001235
006155
002176
007247
006592
003810
001091
004165
006470
005640
004443
006677
000042
006545
004328
001415
000567
001086
000572
004398
006523
000415
002410
001465
005266
005426
007396
000540
001078
000718
007027
002791
004322
007119
000922
006896
002564
006213
002231
001736
004371
004434
006705
004121
006951
002014
002039
001180
004748
001730
000185
001892
006374
004920
000969
005663
005583
006882
003941
005106
005546
004895
003424
004192
006891
000547
000002
003433
004174
006537
003208
007378
002894
005840
002093
002559
005223
003781
007336
004272
005756
003568
003113
002536
001887
001452
003677
002403
006072
006922
004356
007414
005824
004214
006225
007251
004615
006035
003601
000434
007071
006715
005801
004125
000765
005370
002551
006544
005215
006758
001691
001766
000458
000804
003942
003393
002253
003064
007442
003549
002621
005228
005661
003329
006110
005213
003756
003471
001748
004151
005171
005322
002351
000839
002087
001082
006312
004128
001872
005442
004559
001359
006665
005135
001828
006585
003131
003578
006901
001161
000412
007162
003522
005144
001292
003025
001621
006217
005968
006420
000763
000024
004378
003732
005049
002324
005093
006270
002462
002548
003361
003040
006612
001548
002560
003149
003069
001256
002406
006398
004668
005244
003799
003813
001562
006849
004699
001449
000365
006263
002493
004658
003894
003112
001556
000856
005431
000695
004853
002914
006292
001072
002749
001099
000281
005958
001564
006261
000366
005729
006749
005234
002952
006005
001825
007067
005549
005921
002137
005865
005561
003444
003530
005878
003897
006318
005685
001243
004343
005969
004763
002408
001367
003459
007177
004581
004042
001188
003184
006827
005413
002470
007270
005774
000121
006144
000489
003179
000629
003533
006578
001018
005732
000060
006745
005702
003890
006649
003700
001499
000746
003776
006088
002538
006287
000860
002106
000985
006562
003045
002852
002855
004314
006462
004794
006169
000187
004522
005706
001504
003244
004468
001365
005647
001597
004862
001277
004183
005953
004882
005206
007417
002139
001856
000705
005508
003630
002715
003193
005932
001770
003460
004764
007450
005481
001306
005035
000517
004665
006461
002510
000948
001641
006718
000910
003837
007230
004988
007044
004117
000530
002287
004047
004284
004979
001832
000453
003005
004985
001139
006595
000688
002108
002861
000271
000383
003068
005825
003006
006431
005262
002049
006536
005911
000735
006180
004049
002876
005260
000511
006568
003917
006433
003365
004799
002393
003414
000074
002579
004421
000777
002207
005334
000924
007018
007294
001343
005249
004754
003963
001476
003346
007097
001899
003475
002174
005445
003334
005714
002843
006874
005008
006717
001903
006314
002453
002302
007104
001128
006145
006089
000029
000653
000233
001075
003332
005941
001486
004402
005581
002307
000729
000299
000693
005923
002589
000152
004348
001937
002000
001391
003887
005416
003526
002144
005621
004965
003704
004308
004492
005294
001727
002456
004978
001584
002256
005189
002246
004102
005902
007272
005778
005997
007213
000875
006079
005478
000047
006074
002448
005489
005393
007412
003486
001987
005496
003699
005527
002581
005441
006387
001795
006001
005619
000111
005841
001052
003345
004182
001789
003878
006615
004684
001238
002697
006759
003230
005492
000648
001659
006671
002173
001614
002299
000940
000267
000548
005568
004472
003102
003051
004072
006034
007454
006836
006427
004279
005571
000757
001917
007211
003953
000119
007460
002396
002140
005459
004879
000070
002819
005762
006322
003994
007464
004560
007308
001785
002129
002221
004251
000330
006546
003896
003059
003666
002624
007228
001588
004059
001084
004487
006422
001591
000965
005766
001947
006453
005134
004262
006582
002758
003121
004840
000443
001203
007223
005318
003288
006987
005427
006830
004982
001859
000762
002198
002574
004637
001942
006084
007351
001324
007187
000592
002714
002136
002641
003037
006984
005499
007365
001450
004888
007386
003587
005827
001377
005642
002738
000148
001493
001511
004409
003333
000524
003087
005205
000155
007225
002656
000359
003874
000497
006685
001589
003267
006535
001475
004298
001810
001844
003072
006968
003618
001571
005386
001059
005401
005149
004439
006212
002722
003223
006555
002119
000016
006603
005635
000651
000120
005138
005371
003954
004604
003819
003211
006914
005512
005359
006658
002669
005831
006834
001966
002994
004654
007093
004316
002605
005994
000223
000905
006953
007478
004798
004362
004618
006190
000023
003266
006069
003060
006351
005124
006865
000747
002811
002576
002782
004159
000582
001922
001416
005456
000776
000784
006720
003109
005658
002500
002342
000261
004550
001503
000062
004551
003152
003817
004909
004756
002177
004549
000687
005708
002748
000995
001279
003814
005192
001721
002792
001894
002211
000296
004184
006361
003376
006463
001405
004901
004496
004018
001536
002803
001212
002055
005782
006678
002126
007456
003242
001626
001586
005306
006668
007031
005861
001565
002432
002424
000583
006299
002319
001871
006573
004678
003654
000979
002920
001803
001973
007422
003512
002601
004381
000332
000779
000674
007021
001055
003804
007387
000397
000780
003387
001984
003052
002079
007178
001302
007171
007258
004501
005974
000177
004245
005716
005101
005111
000073
000931
005931
006624
001638
003122
004366
001323
004469
007029
003128
006106
005600
001651
000174
004565
006278
001802
000774
000207
004070
000230
001790
001403
000665
000218
007229
000911
002125
005408
003830
002019
003106
004247
004635
006191
006552
004311
000568
000053
004274
004664
004287
005164
001678
002717
006629
001688
005375
005121
003188
003209
002031
007277
003366
002662
004425
001944
002823
007193
001291
002237
002962
006131
001102
003826
002491
005905
002094
003271
005020
003362
001635
007436
005047
002455
005522
001817
005348
003523
006036
004877
001011
007141
004092
001485
002951
007427
003519
006892
000354
003564
006029
005533
002311
006864
006280
005494
004939
001848
005563
002928
003411
003891
005895
005709
006479
004576
004495
002664
002854
006353
002734
000170
007370
002489
001794
001058
002856
006643
006768
003127
000275
005422
000616
005086
001853
000781
000452
004907
007477
004836
005128
006614
000130
005813
005963
007164
001882
001818
002741
006014
006232
000373
002786
003782
000195
001201
004647
006170
000577
000767
000127
003074
006502
003505
006486
000601
000850
004261
001368
003536
003961
002006
007415
003028
003281
002344
006019
005701
004511
004517
000954
001070
001834
003976
005252
006426
005898
005530
006839
003436
003476
002687
001104
003811
005852
004873
000838
006478
005897
002665
005358
002830
002460
004817
004422
006243
002270
000903
002818
001509
000043
003323
007285
000498
004512
005943
007155
002622
000679
005788
006933
004931
002958
004203
004598
005939
001613
000921
007034
003863
001657
006380
004141
004048
005892
004037
001313
004706
001845
004473
006558
004002
004067
001307
002330
000966
005601
002245
007085
005933
006498
004482
004383
001667
002469
001801
005749
003733
006869
004163
003463
003255
006159
006100
001616
004011
003151
005275
000491
001352
000654
001796
004347
002502
002430
006774
000063
005159
000193
002875
002171
002596
001353
004557
006854
000135
001738
000414
000000
002874
002008
000045
003342
003707
003628
002193
006148
003247
006209
003302
000004
001298
004781
001870
003503
002303
003307
007079
004606
003857
003748
002143
005500
004403
004193
005320
006134
002400
007069
002729
003614
001873
000279
003348
001643
001409
002341
001440
002033
006886
005351
000091
001547
001421
006275
006066
004961
001908
000159
005116
000305
000143
001715
005271
000649
005698
007165
000438
005219
002658
004605
000832
000392
005772
002990
007367
006284
003721
006633
001244
002146
001765
001389
005123
006706
002053
000927
000562
000093
002950
006569
002385
000274
006121
006017
003912
000923
003845
002449
007282
002896
002681
005291
004175
001196
003635
003358
003396
005200
007250
007317
003611
002877
004156
002274
006493
000486
006297
006583
002178
004661
002202
001245
004679
004946
003367
001786
002966
004285
004235
004375
004433
006265
006703
001049
005070
004442
006475
004772
002156
002746
000575
005102
001155
003046
002752
003822
006621
005194
000889
004465
002276
003430
003521
000314
001181
002648
001529
004172
002331
003321
002447
000612
004068
003162
005081
003642
007090
004929
005154
002217
007192
003274
005315
006775
000989
000474
005623
003036
006093
004663
005944
002768
001284
000066
005040
001004
007307
000166
005984
005346
006334
005980
002037
002839
000681
001458
005875
004452
000341
005136
005904
007353
003085
006900
006173
006289
001489
006541
006339
006938
000236
003692
007185
005270
002972
000501
005551
003729
000477
005232
005335
004715
000172
002405
004940
001487
001462
000798
007249
006909
005862
003499
005834
003795
001900
003948
004136
004080
007087
004025
000975
004217
006203
001413
002880
002145
003687
006291
003884
001911
001550
006459
004841
004991
006920
002052
002352
000999
007191
002289
007154
000775
007161
007005
004591
003792
004019
001122
001963
007374
001378
006214
001574
005150
007146
003612
003774
001969
006402
002684
004093
003325
005452
003551
004387
001494
004283
004878
001773
000835
002540
004994
005476
006936
003044
002740
002798
004296
004908
001726
006940
006905
002095
001483
001073
002764
002188
003560
007337
003009
006375
001978
007465
000990
003089
001603
005107
003646
000876
003803
000322
006770
004091
004154
005868
003728
002617
005903
002283
005822
002671
000462
001152
002296
006529
006731
004267
000930
005675
000797
006344
006513
001881
006108
001211
001538
003895
000907
002412
004532
006062
004700
007186
007106
007210
003094
006695
004528
002155
006416
007209
005050
004620
003902
006139
004727
000260
001208
000865
002209
001436
003840
003157
003502
002980
005153
006384
005118
000007
004825
006124
002732
007176
000914
005632
000802
004847
007070
000881
005582
000096
004178
006807
003260
003103
001043
004445
003911
005734
002784
004669
004057
001226
004845
004518
006445
004455
002849
006341
002808
001916
000955
002063
000031
004302
005133
004561
000485
003042
007242
006446
000295
002194
006570
005251
000171
002503
004373
000087
006580
003477
002378
004543
005726
002233
000886
005803
001523
003749
000751
000606
007130
004030
003585
002111
006055
006011
003518
004077
001741
002481
000082
006681
003466
007014
006439
001054
002899
001516
004990
002526
006033
002218
005465
003633
005567
003472
006224
007121
004228
002898
003141
001568
005534
007150
003788
002225
001094
006506
005548
007199
000988
004218
006593
003498
004589
004497
001213
007194
003513
001147
003305
003467
005342
000215
000635
002458
003048
002680
007188
002380
002840
002981
005293
007022
005242
002312
006550
003134
002141
004652
004410
005180
004953
005727
003508
000569
000590
004392
005720
007260
001995
001625
004082
002578
002068
002674
000384
003516
005858
005833
006771
006954
003964
004326
001399
006114
004380
005628
001414
006610
005881
007160
002118
001793
003913
001071
001133
001009
006090
006024
000811
001151
003937
001576
006819
006961
000782
000123
006773
005954
005421
004662
003871
003701
000819
000981
006634
000630
005487
003241
003641
003008
004649
001539
002733
004046
006777
002320
005736
002347
003279
007410
000464
002767
000482
007168
005284
006021
001479
002208
001260
005368
002692
005395
001354
007332
004431
005490
000822
000741
005216
006876
001999
006392
005790
001546
001946
002112
000134
006332
002547
001276
003264
000670
001600
006783
006007
002911
000035
000510
006080
001820
002153
001110
000014
002558
000106
004135
002753
004167
004525
002234
002165
004966
002496
000768
002539
005039
004657
005412
003567
003125
002922
004061
002197
002963
006806
007214
005588
003553
006032
000986
002698
007076
006056
002514
004732
000581
004477
003648
005569
005586
004211
004714
002128
002114
003922
003622
003287
005379
002923
005975
001334
003591
006328
000300
004297
000821
004447
002919
003198
007265
005095
000904
005525
001889
006412
004413
002710
004616
000389
004454
005660
005577
003615
004238
006095
002623
001717
000213
003682
005506
003207
004857
003985
006073
007366
006611
002122
006030
003867
001971
005842
003349
003434
002627
001185
007327
002064
006363
006230
002308
001813
007020
003859
001096
005991
004569
006102
001008
000723
005696
000605
001427
001118
005887
001957
006622
004542
006780
004570
000897
006619
002907
007122
006223
002420
000906
006331
002001
002696
000484
002076
006482
007208
007349
004959
005914
004393
006977
007274
006937
000970
004765
002878
001998
004648
002285
004257
004724
004720
006308
006613
000214
002774
000350
005449
000504
001518
002035
003597
003791
002370
003490
004212
006226
003435
005032
003035
003783
002206
002955
005851
003201
000719
006165
000908
001127
006930
002810
005998
006646
002941
002969
002451
000426
005043
006107
000825
007355
002310
006511
002762
005115
000107
005684
006740
002685
004787
001696
002989
006319
005033
004974
001617
004334
006913
007143
000461
007383
005855
003927
005011
002931
006348
005183
005160
005085
004791
000204
001349
005552
001283
005069
007026
006974
003534
002321
002971
001530
002600
000475
005607
003808
004585
007081
002134
000799
005292
001373
003827
003250
005419
005295
003268
005576
004552
001124
006741
001434
004603
002203
003520
004065
004259
006436
000113
002279
001402
005239
001317
002404
005779
005360
001745
004370
002613
001455
002281
003479
007142
002611
002074
005098
000416
000297
006378
005037
002038
004667
004420
005254
002395
001936
003579
006507
005273
000162
001712
004352
006385
006119
003652
007140
004098
000292
003644
001980
000621
001880
000310
002227
001035
002615
007114
005651
003860
004984
005237
001163
006472
000580
000459
001636
000145
006805
007158
007059
005485
000427
005606
000465
001285
001647
002121
002490
004897
005883
005965
005336
001640
001739
000837
004625
003959
001666
001193
005279
004367
003462
003747
003944
005004
005398
003987
000044
000418
007107
002997
000255
007295
005127
000424
001886
004574
006274
005226
002029
003726
006794
005296
005013
002120
001376
004644
004547
006881
004558
002799
000973
003282
005224
005163
006848
007419
000235
001429
003710
006491
004896
004992
000192
006755
001502
003975
000703
005248
005403
003625
005996
004859
003199
002051
006631
001098
004196
004808
001063
005835
002708
006049
003555
004871
003621
003225
001821
002336
005741
007305
001026
003995
007446
000983
003988
000997
006996
006560
000323
005418
003120
006539
006175
004126
003196
001134
005217
004412
001990
001051
001919
002751
005786
002294
004761
005343
003593
004995
004429
001686
003015
001129
002220
002459
003880
002602
004568
006216
005993
000660
001126
004427
002350
001233
001448
006845
000442
005298
002439
007136
002705
003928
001364
006589
007457
006401
005497
002820
004459
003697
001581
005653
001841
001023
007041
006198
004146
005181
002300
002282
003438
003882
002184
007012
002142
006245
004540
002737
004837
003604
005125
006508
001537
006980
006026
006998
004601
000487
006340
001408
004677
003816
006844
001758
006081
004921
002026
004671
004773
002240
004179
005437
004246
005927
006371
002290
003030
002584
000316
005436
004867
006471
006810
004079
002879
001269
002663
006928
003820
002212
000759
000855
005082
001077
002666
003403
005722
000441
001800
001970
002269
000730
004536
005814
007133
007056
005120
004123
007393
006879
000546
004168
002132
003608
003977
001033
000248
006423
006305
006294
003807
001824
005361
000671
007175
000737
000646
007245
007428
001512
003815
004133
006856
007016
005723
001142
004058
005650
006802
003943
002787
000337
003996
005846
000701
005272
005604
002244
003821
005462
006075
005971
006564
001960
000036
000844
004493
000749
003550
002884
004573
002795
003194
005521
002445
002807
001381
000756
001747
001327
001497
005545
001857
001190
006451
002117
007049
004633
004541
001772
004696
005854
003757
005246
005751
005053
004972
003571
003410
003825
002736
000826
005538
004301
000978
005705
001361
006307
001024
002940
003629
006579
001938
001602
002804
001557
001706
007206
006964
006885
002045
007375
001028
004753
005819
001811
000040
001218
002569
001595
003668
000258
004460
002286
001555
005691
004875
005389
005793
002634
005678
004914
002399
003238
003133
004593
004945
000785
000505
002442
007062
001837
006994
000018
006016
000634
000327
004723
002585
005405
001661
003869
004880
002182
002639
002116
007240
000388
000980
000639
003886
000847
006639
007197
004051
001207
001812
002080
004656
004934
001383
003771
002766
003770
004414
000405
007406
004831
005688
005844
004639
003853
002389
002703
005108
001131
004843
001592
005564
005737
004969
001386
005025
004584
000755
001420
000786
004861
005190
003488
001426
003105
002501
006921
004338
007156
004624
004232
004725
005815
003979
005378
000743
001566
003439
000257
000393
002431
005184
004533
004690
004291
001852
003662
005915
000396
006923
004936
001047
001607
005513
003192
001675
006460
006404
005178
004828
004506
001148
005667
006138
002646
004360
000917
006370
000432
006944
004892
005596
003474
002851
006365
004986
005059
001394
005680
006661
003768
005674
003219
006290
001528
002525
004423
003572
000571
003347
006077
001113
004588
004327
000880
000471
002017
004386
007237
002034
000506
005326
004464
005285
000468
003450
001505
005392
000319
005072
002328
005637
006210
000734
000533
004611
005798
000677
004087
000263
005739
000231
005238
000971
005060
005928
000824
005750
002608
003841
002082
000925
000221
005593
002272
004556
004811
003177
005166
001066
006883
006761
007043
006418
006469
006732
000689
006911
001552
003823
005305
005094
005947
007471
000256
001985
000863
004379
006123
003076
005574
003357
001904
003836
003360
007217
004450
000252
005117
003569
006567
000885
003032
000573
003183
001166
002115
004913
006452
000347
000245
004014
005044
000707
001757
006754
004597
000408
002446
003272
001569
006709
001272
005430
005575
003140
002254
007040
005853
002065
000664
003065
006853
005710
006607
003138
002078
006476
004216
000409
003452
005502
001522
007403
003262
004374
002867
002041
000440
006196
004737
005278
004999
003620
002180
001441
003932
003390
006457
005495
000028
002667
005017
001932
000714
003738
004705
001001
001215
001156
005966
003883
004490
004583
002935
002891
002452
002222
007024
006354
004870
003487
001619
002716
006229
000699
004001
006831
002816
002542
004809
003289
003482
003689
006950
002346
001221
000552
002725
007361
001088
000197
000425
001513
002085
002945
003691
001934
000356
004103
000967
004731
006047
004275
004563
005979
002838
005683
004894
004106
006166
004090
000642
001697
003546
001610
005864
003191
001423
001531
007306
004766
001202
001929
000205
003818
006549
000324
003220
001685
007416
004385
002742
006679
003218
005193
005603
007061
006719
002563
005775
001372
004282
002004
006113
006660
003574
002437
000078
003489
002888
002411
005676
002644
006960
006052
005143
005316
005671
007117
005812
007425
007134
000476
006012
005796
005598
001718
005643
004321
005300
002497
004390
006728
006424
006040
002372
006663
006877
003800
001743
001419
000128
002166
005027
007461
000899
005148
006146
003311
002835
007439
000068
003722
006702
003957
003190
006313
007131
000805
002444
006605
006283
001068
004957
005760
002434
004771
006675
000522
003031
006039
004397
007052
000692
004160
006255
002812
001136
005221
003616
005659
000490
000203
004797
007232
001130
006887
001162
000246
005479
002759
002062
005719
002067
002362
001777
001724
002659
003124
000219
002970
006206
004332
003613
002441
000210
006241
004640
003270
006693
002081
004849
007218
002468
000334
005821
002301
005282
002275
004185
005613
000064
003119
003764
007462
001251
004919
002348
002956
003796
005235
003246
004917
006503
006002
000352
003070
005394
006797
005529
002151
001034
000439
001965
001116
002885
003243
005428
005656
007292
002012
001406
001120
005173
002099
001498
006571
003970
006594
005668
007138
003734
005759
001737
006046
003446
007233
004630
006042
006450
005000
006082
004299
007444
001814
001445
004139
005665
007372
002376
004911
002365
006873
006597
003742
004116
004672
003936
006352
005473
006598
005109
001112
000928
005087
003938
004846
006000
001150
002239
000288
001227
001457
006521
006650
000059
002873
003580
005289
004040
006171
005265
003794
000343
003951
004627
005450
004188
004190
006985
002010
000126
007401
005599
005666
003627
002369
004256
004215
004164
004242
004902
002870
004508
006097
004628
005592
000129
004148
000953
001286
002425
001992
002259
000099
005787
002091
006349
006488
004818
004231
007135
001532
003834
000800
007359
005591
007453
001722
004411
001424
006738
003989
003972
004226
002614
007466
001019
003674
007320
001020
000888
006249
003904
004539
005959
000507
007098
005894
005562
007447
001106
004088
003656
005976
006636
000027
006525
004952
001849
004131
006850
004111
003772
005602
002361
004562
001274
007001
000789
001205
007205
005110
005132
005752
001888
000081
005985
007109
001885
000411
003583
003256
000655
005076
000588
004300
006101
001827
001951
006748
006554
005913
006330
006183
006364
006699
007226
001002
003111
000579
003185
004107
005425
005142
003750
002661
002826
004101
000362
001022
006651
007368
006860
001006
005961
007201
003154
005169
005145
003061
005269
001437
004998
005694
006534
002407
003429
005460
002864
001014
003275
001976
006764
002508
006730
000766
001930
004120
006015
000269
004975
002900
007151
001050
002265
002726
003900
007243
000854
001746
001410
002942
002904
000861
005917
005207
004108
005012
004376
004069
002426
002210
003846
005113
001533
000627
006186
005467
005608
003415
000715
004276
004224
004695
001690
007429
003537
006861
002498
001282
001878
007091
004233
000250
004739
000993
005486
004980
006156
004016
004924
005890
001751
005176
002837
003143
000964
003356
005233
000736
006382
002730
003343
005188
006782
004401
006067
001629
004744
006533
004746
001010
005816
006641
004351
004844
004796
002763
002943
004471
001891
004350
003758
004776
002266
003427
006105
007170
001108
004114
002007
003383
003099
002257
004503
002421
005091
001867
001646
003283
002199
000937
001761
003596
005203
004944
006959
000957
000466
000022
005901
000998
004524
002918
001962
001446
001097
005580
006321
004428
000515
004317
001918
003018
005185
002325
004342
004029
001924
000814
005367
007296
000220
003409
002897
005536
002905
004578
005083
003679
000201
005866
002657
003091
005938
001868
006231
006379
006473
005347
005773
000067
001404
001397
002135
000607
000536
000618
001681
002382
005986
005382
005267
006904
000591
006841
001728
006833
004577
003673
005357
000623
000657
003295
004181
005209
004832
005444
005946
005826
000451
006927
004271
003639
006878
007281
006784
004353
005055
001182
002944
005388
002636
004729
001815
004258
005366
003245
005464
003686
007139
003711
002959
003706
005355
007452
005777
002473
001693
002995
001321
007060
006510
006561
001358
003442
004313
001733
000631
000615
004922
000932
004038
006060
000413
004997
004346
007426
002683
006852
005446
000385
007405
004769
004288
003514
000184
000494
002620
005074
002251
000537
005848
007074
005639
001807
006104
006149
007042
002859
006302
007280
007288
001330
000913
000570
004201
003375
004166
006587
005838
001268
002423
004446
002702
001735
001783
000587
004500
006037
001729
005747
000558
001767
006691
003228
005151
000137
002477
004041
006070
004745
002670
004336
002054
002565
000417
003011
005162
000264
006020
004365
007072
002593
005960
003588
007424
004169
006620
000116
000194
003623
000727
003852
000633
003078
005377
001624
005964
006092
000160
003607
006059
003136
004910
002915
004222
001322
005324
003310
000754
006657
002494
005067
000796
007468
007019
000561
002223
003066
003858
004330
006163
007363
001542
006258
000175
006966
006335
003598
002765
001835
002561
004335
006136
006704
007318
007053
004707
006669
004529
004631
006160
004813
003761
004759
007216
006682
001788
006872
004935
003294
005211
001850
005263
003806
007440
005376
005250
002264
003501
007110
004225
004596
005670
003694
004750
007373
002013
006606
001194
001109
006975
006172
005172
006425
004478
000542
003457
005353
000291
004430
006690
006588
002628
000508
004782
000534
003565
002056
000704
004213
001671
004039
000276
003731
001695
003420
006906
001192
003664
001953
003576
002309
004830
003802
005156
004408
002021
003418
002649
005559
001344
001653
005470
006596
006323
003993
005973
006269
005802
001320
003507
005909
004852
004993
002998
001111
005187
002984
004548
005077
004337
006227
003660
001294
005579
000712
005664
005015
004008
001928
006689
006085
007203
002304
006023
004015
005350
003670
001955
004805
002999
001468
007231
005477
002522
005182
000097
005177
000669
005046
004702
003500
003851
005817
007259
001627
005337
005721
003777
005062
002388
002422
004479
003003
002965
001259
004726
005068
004970
000153
003071
000878
001339
005712
006043
003057
002133
002534
005537
004566
006485
001374
001514
001101
006150
000882
000720
003698
006538
005331
004000
001549
006296
004619
005783
004614
003187
000750
001385
004278
002258
006268
003787
002435
000643
005820
002824
004721
007286
005341
001577
002701
000926
006372
003494
007434
001705
004265
001061
006141
002713
005402
001160
006320
001507
004036
000942
000179
001360
007050
002631
000154
002205
005987
006972
006480
005950
003528
006301
003511
000933
006386
000952
003833
006811
004767
007166
003377
003202
007006
005100
004377
001829
000012
003992
002230
002368
002057
000065
002060
002413
004024
006199
001153
005514
007083
003269
004760
002190
006778
007350
003114
007028
004685
000652
004903
004384
005590
006193
005356
005019
004236
003517
002960
003001
006489
000098
002796
003451
004710
001952
003016
004062
002394
000266
007037
000420
001527
003831
004081
001809
002466
006518
004751
001774
006769
000329
000165
001430
002757
001178
000828
005191
007129
002023
006818
006895
007204
005951
000597
000032
000764
001784
002015
003672
001907
006687
002562
002586
003301
006752
006281
005806
000037
005644
004812
005130
005543
003920
004719
006050
003898
003767
003983
004054
002825
002993
004138
004680
000328
003058
004600
001838
004269
002058
004742
004078
006010
006277
007111
006625
006866
001249
006076
000208
000947
004150
003249
002059
006455
004309
004095
006271
003086
004692
006071
000467
003226
004494
004137
001843
005453
000190
004400
004905
002788
004441
001041
005365
006400
002335
003023
000390
001466
004281
003600
000559
001578
002483
006609
004440
002844
003000
000851
004676
002651
006712
003649
000103
001331
006843
004925
003754
006788
001398
003919
004010
005526
003745
002305
003844
000492
001791
003369
005471
001210
004932
002363
003314
005488
002789
006501
004716
000513
003195
002096
001038
003425
004345
005836
003167
003651
003684
002921
006197
002653
004956
000827
001060
006575
007039
002229
006512
005908
006581
006435
006701
003104
002436
000778
005309
006908
006477
003907
003309
006917
003709
004359
000478
005058
001662
005501
003868
006737
006946
002061
004666
000596
006342
004530
004349
007469
001003
002724
000232
007045
004610
007256
000272
000481
001842
000724
003160
004268
006018
001851
003753
001501
003921
000199
006530
006303
006652
003839
001456
003786
004127
006276
007108
004842
002292
007124
007479
001297
007438
005002
000336
002625
005170
000379
006519
007148
007252
003605
004204
002566
004779
000200
005038
003901
002196
006943
002743
001295
002690
004221
003696
005435
003727
005354
003215
006178
006676
003960
004462
007048
006826
007082
005255
007267
003631
005677
002471
007266
000222
003712
003640
005466
001782
004241
006111
000853
004292
000794
001069
003744
000344
001541
005718
005891
000229
000801
000901
000697
002066
003966
002123
001216
002475
003443
003174
003828
000711
006540
001680
003586
006746
003669
000367
001893
004708
007289
007113
006184
002288
005528
005483
000702
003773
005906
000161
000454
003797
005139
005863
005797
000202
007360
001417
002397
000224
003095
007333
006757
001623
001605
001439
002003
007476
001442
006497
001582
003602
003775
003842
003276
005364
005381
004064
006129
004613
002278
005042
004851
001206
006408
005744
003599
000378
003150
004516
003504
001500
003153
005934
002675
000340
007268
001007
003359
002083
004461
001141
002809
003765
006240
005874
001713
007400
004395
002323
006293
004254
006167
002159
001692
000181
004643
004923
006499
004303
002813
005920
003870
000457
007392
000625
004161
000976
006907
005717
004205
005555
007066
000539
002712
003981
000873
007311
006992
001347
004012
007189
005936
005454
001560
004943
005310
005052
000110
002377
002744
003885
006311
005711
005770
006233
004785
006505
000500
006683
006722
002492
002529
000238
004505
001065
001177
000191
004034
004198
006347
003144
002709
002040
000331
003805
002718
005423
000026
001382
007278
000564
001032
001432
007200
006945
001271
001879
002169
000025
005468
004954
005259
002048
000919
006680
005780
007100
004306
003969
001910
005028
006932
002069
001945
002881
003171
003595
006466
000196
004075
003769
006257
003251
007153
002554
002438
005630
003117
002262
004734
006087
000348
001700
007279
000656
006437
004027
007313
003422
007324
002607
006528
006078
005332
002953
006244
006443
005349
005491
001598
006812
006899
000345
004595
005703
001645
002595
002801
005140
001958
005919
007297
003206
001174
000974
000890
002181
000859
003142
005511
002172
005064
001510
005771
002484
000318
006484
001103
003609
004747
004749
006394
005634
001699
004105
002556
005075
006362
003261
005735
003014
000864
004207
000636
004523
000088
006096
005595
001799
003554
003934
003838
007163
007184
005830
007287
002992
001062
003527
001779
000436
005463
006727
002519
006602
000422
005313
006840
000140
007283
002375
003306
003829
003428
006013
006325
004263
000006
002450
001876
002248
000375
006132
002383
004526
006065
001254
002457
001561
004531
006855
007221
004933
003736
007017
000278
000169
006267
001780
005629
004757
002485
000793
005885
002016
002357
007057
001169
001219
002780
004599
000603
004355
000502
003168
001287
000637
003399
002572
005948
001337
003010
003047
004963
005818
003041
001057
002200
000167
007413
002461
005937
005432
000529
005391
006925
002676
004651
006710
001342
000527
006205
002419
007219
001496
005631
000455
004783
001863
000845
006645
003735
005556
005363
002985
004122
006376
002149
001682
001708
006188
003879
003326
003872
005949
002728
004438
004491
000877
000830
002834
004858
007300
007099
000820
006828
002293
000809
002238
004617
001387
004286
000961
006256
005795
003203
002979
002255
002214
003784
006995
004264
004456
002521
002637
003695
000138
001328
001935
001554
007329
004632
006716
000884
006662
001914
000787
003766
003464
005323
001769
004638
000054
005724
006815
005198
003308
003204
007244
000488
003619
003703
000398
005327
003990
001520
006617
005307
005036
003671
001301
001296
002695
001846
006492
004687
006847
003090
000892
003101
006726
002157
002042
002386
003924
000691
000963
000772
002343
006816
004035
006672
001114
005589
000141
003398
001237
005048
006390
004863
003216
005731
000244
004457
006637
000951
000946
000335
003405
002678
000423
002857
002902
000449
004546
004960
001975
003661
003538
007322
006894
004918
005299
000523
001634
007047
005240
006750
004006
001341
001764
000666
007051
004670
002573
003483
001909
006714
002100
006006
003130
006698
007463
000090
004629
006942
005404
001869
006025
004538
001491
003905
004868
001752
004339
005105
003665
001422
005516
006115
001525
006924
004592
001749
005956
005090
006456
006514
004110
004031
003412
001200
002005
005385
003925
003548
000265
003480
001362
005218
000514
006760
000713
005585
004697
003509
002518
000610
005304
001672
005886
003368
007032
001197
006399
005397
005129
002036
006403
001303
005930
002731
006099
001656
003370
000115
005654
005131
002147
003881
002090
003054
001340
003340
004694
004741
003653
001968
001521
004890
006162
003790
003752
006823
004835
005829
001689
005373
000109
000456
001392
004130
004307
001471
005227
000400
001719
000225
006601
002110
002575
000151
001300
000944
005681
006195
001544
002973
003926
006792
001994
007345
006430
000678
003229
006983
006117
000313
004357
003850
003002
001412
000377
000672
001263
004519
002089
004886
004502
001862
001901
003540
004777
001895
001583
005614
005475
004340
001622
001702
002381
002482
002261
000406
001931
001270
004474
005195
004865
000872
002427
001890
002583
004626
004149
005636
000277
000519
006481
002504
002988
003445
000783
003545
000342
002201
001418
000806
001933
002415
005186
001804
005587
006776
002927
002592
002429
004463
004318
006697
003159
005641
005410
001902
000560
003643
001266
003253
000019
005615
007198
001332
006122
006192
006599
003962
000744
003197
000732
004740
006315
000308
003033
003110
001534
002934
002567
003856
002848
004575
006929
007358
007472
004590
005022
002277
002802
007159
000753
005507
002224
002179
004594
001816
004815
003723
002371
006644
004792
007246
003027
004341
005328
001601
002097
004554
006295
001620
005611
000915
001345
003456
003248
001740
001943
004186
001664
002127
000033
007075
005988
001864
005122
001997
005369
005849
006086
006038
004698
003798
004253
004143
002871
001660
004396
005505
000857
006288
000052
007255
001438
005114
001351
002107
001940
005539
001447
001093
001318
006862
003865
001898
006524
003395
000061
002148
002280
006410
000146
004022
003344
007180
004252
006956
003832
000315
005345
002630
005850
006981
003180
004987
004874
005057
003212
001481
001176
002467
006787
006744
001375
000086
007058
001428
005761
006483
004361
003447
004206
003239
003148
003098
001315
000112
004475
006133
004711
001158
005439
006653
004803
001045
007309
005758
002527
007235
004693
001252
000706
007430
002334
005261
000977
006366
006584
001830
002553
002842
004372
006821
006350
000849
002770
003385
003419
004220
005258
001720
006045
004804
005056
000349
006934
005063
002568
003186
006915
001677
002947
001858
004453
003354
005746
005303
005785
002975
000346
006317
005983
007473
003468
005856
007291
001039
005321
000918
000604
002162
002189
005879
007371
000273
004109
002957
004876
000791
001379
003824
001734
000663
001763
002011
000593
005001
006202
003353
003170
002771
000368
001792
000516
004180
004736
000306
000057
006140
007169
003715
001993
005768
003116
001217
004209
001983
001731
006360
007459
001229
004807
004928
001874
007128
002480
006238
001186
003923
001470
006756
007092
006395
003146
001304
007398
006338
003793
003725
005952
002418
006343
003755
001687
007449
002706
001433
004066
004194
000938
002086
001612
000395
006248
005860
006432
004170
002930
004675
001977
000788
000936
002603
002020
006157
006468
004981
001822
006700
002773
005429
004369
005693
001754
000647
001214
007301
005214
000211
002727
003020
004520
005982
003702
004498
003592
001575
004044
004239
000576
005155
001808
002047
006397
001884
006919
006837
000410
004237
002850
004553
002131
004926
003655
007284
004856
006174
002775
007335
003582
001119
003848
002249
007065
003681
002161
004270
004032
000360
004053
002332
001991
003013
001798
003974
001921
006809
000048
004320
004504
006154
001171
001242
004527
000912
000158
006753
003067
000620
000136
000868
005811
004962
005276
001519
004319
003469
002580
005924
006421
005400
007458
003506
004112
000364
002853
001125
005784
006791
006647
002723
005344
003292
007451
001451
002392
002640
004210
004153
002333
004289
005297
001395
002417
000748
004819
004476
006686
003437
006517
001701
000005
003577
002817
002345
001665
000709
006733
001836
003258
004197
006147
006355
002160
000662
005699
004388
004833
002284
001698
006543
006164
006309
001655
001369
000182
000021
004869
006337
007008
005584
001819
007348
004864
005867
000512
006859
000206
003484
000950
000283
004703
003626
003888
003404
000883
006696
003019
002982
003449
002306
001982
007068
006708
003991
000813
006393
002235
005754
007147
000769
006440
004426
005220
000463
000460
002892
006509
006428
004579
003997
003542
000761
003847
004900
005700
006632
006388
007455
007382
004915
006246
001258
004488
005689
002291
005616
006152
000189
007312
003312
007421
001029
006739
001488
002655
001515
002996
006434
000984
005034
002297
002769
006889
004195
007220
001679
002591
000740
004099
002354
003252
005480
006965
001209
000725
006846
001187
000823
003021
000867
002821
004973
007215
002845
007132
001981
005338
004260
007275
005765
000690
002847
000077
006982
004793
003389
006763
003999
006796
004119
007126
003693
005158
006871
000934
003719
002720
005940
006447
005995
001159
003221
001247
000156
000435
005962
002991
003973
005541
004838
005420
006986
000270
002635
004898
006247
000168
003789
000869
001906
002243
004005
005648
000840
005268
005626
004513
002322
004839
006345
001676
007443
006153
003982
007310
006381
002822
005978
005071
007080
002113
004158
005645
003210
004118
007470
002672
002806
005253
001140
000020
005972
001553
000317
002682
000566
004937
003115
007222
003352
003214
004515
004104
007035
005317
005627
006053
006359
001956
005657
004499
003916
006411
000943
007238
000526
001771
000535
007341
000041
006767
002204
000333
006215
001356
004683
000595
007334
005910
000404
002794
002024
003156
001262
006813
002868
001443
003092
004673
003708
003034
000994
005286
003809
004227
002088
006515
001189
004243
000771
004417
002479
003658
000521
001431
006520
006177
004534
002668
001107
005763
003556
004142
004244
003909
006779
000382
001710
001709
004634
003558
000009
002373
003918
001482
005290
006003
007064
006221
000721
000285
002192
006548
006820
004354
005018
002476
003590
000817
007404
004145
005733
002747
005540
002937
003328
006817
003284
004089
003050
005912
004229
002517
002183
003854
006273
005566
000433
000525
002776
003557
006997
002893
001087
003899
005092
003638
001459
003304
000659
004607
004789
002152
001056
003965
000104
005922
004074
001865
004822
007172
004996
003685
000617
000645
003763
006952
004942
002827
001289
002046
002633
000369
006009
001184
001246
002030
001220
000624
005884
001972
006842
007038
000079
003541
001604
007262
007384
000563
000557
004199
005204
000958
001314
005440
000282
004916
001393
005438
000247
000909
005264
005955
003232
006237
003849
007344
004958
003678
004416
000304
006389
000556
000898
006912
002926
005415
003082
002863
007325
007173
006168
002916
000945
004234
001044
005515
003873
000357
001663
000641
005572
007063
006254
005230
002250
003063
004451
005535
006367
000520
002938
007078
002829
001016
004096
005003
001484
002315
000480
002271
005655
005030
003079
001299
006976
002544
001642
005041
006004
000846
002454
002511
003617
005099
005054
002384
007357
001275
005625
004686
007304
001138
004950
005672
007475
001866
005472
000554
005078
000862
007212
000212
005565
005137
003217
003300
000469
002968
002092
003055
003145
001013
001609
007331
000084
004189
000745
004712
000858
006967
002187
004295
005646
001053
003584
000956
000959
001875
002318
006465
002242
002719
000095
002464
005877
001570
002164
000186
000034
007115
000307
004250
007269
002474
003417
005010
003388
005617
002604
006094
003164
002797
003022
006734
006253
006941
005229
002862
003688
003659
007095
002872
004249
001326
004176
002154
005339
003737
004948
007448
007397
002647
005212
003835
002077
003862
006458
006694
003408
004884
002391
002570
006031
006467
000386
006670
003779
006688
007088
002072
004722
000935
002101
001632
005957
000312
004399
007125
003559
004829
003984
005519
005277
000419
007437
003940
005509
004612
000428
001508
003441
001948
006306
000555
006242
002523
006979
001079
003893
002050
004938
003497
000538
005005
001278
000242
001175
004266
005089
005888
001288
006266
000240
000287
003401
006329
002815
006061
002326
006419
005695
003335
005935
001559
001411
001567
005690
003478
003801
006814
000887
006438
001135
006300
004344
002781
005201
003372
001264
006327
006182
001750
002588
000147
000598
005340
001580
000541
007241
003496
002890
003093
006151
005406
001239
001707
003024
006630
004564
002590
004294
002686
001234
005458
001090
006054
001776
005112
004466
001329
006091
004155
004951
006991
002597
000239
002150
005103
005084
005990
001137
006790
007015
005333
006655
004134
007423
000144
007152
005281
000650
002700
003088
005414
006590
005809
004850
005197
007025
006414
004009
005474
006449
006762
005916
000237
004976
001460
000602
004280
007321
005873
006098
005532
002509
000549
000696
007116
000008
006127
003637
004660
005308
002340
004983
006962
007096
001753
003470
001370
002433
000286
003589
006120
006259
001606
001363
002679
000015
001325
002353
002599
001388
005769
001305
003285
004800
001319
003739
004485
004733
001839
001896
005907
003277
006893
000686
001637
003431
000493
006495
005789
001593
002512
000351
001608
002619
002329
004582
004484
001167
005006
001348
003713
003552
002582
005066
001316
005026
003949
003297
004017
002652
001543
001250
006176
002858
005669
005896
001926
004021
000698
002693
002364
001042
001545
001967
002505
007030
002939
003350
007346
006282
007149
004432
002098
002260
007183
000770
002903
003175
005828
002463
001346
002932
004394
000483
007409
000532
001117
001964
004152
007369
002339
002587
000293
007007
005409
006747
003402
006969
004701
001913
000049
006989
007263
002440
001704
006051
005673
002750
004514
003473
000401
003864
005311
007234
006673
000733
002027
003363
003676
001599
000895
005542
000298
000241
005387
006785
005837
003967
000039
005451
004555
003892
003594
001855
006357
004704
003123
004418
000321
004056
007376
007338
006572
004904
006442
006083
002869
003236
000676
000149
000848
003606
004860
007480
000722
003378
007077
000216
002974
006789
004728
004436
005325
003650
004642
000673
001711
002219
003182
007073
001230
003762
002366
004738
006711
007094
005301
001000
003083
003234
000473
004470
005210
005524
007431
001350
006041
006875
004124
005175
005977
006808
004115
001833
001031
006228
000429
004510
007298
006948
003448
004486
005544
006563
001939
005926
003958
003683
000381
000792
005417
002317
001877
000470
006068
002360
000353
005097
004364
003563
000370
004609
007103
000900
002778
006264
003634
003455
002886
007343
007254
000807
004391
006955
004325
006333
002910
004177
000773
000941
002711
000173
001464
006369
002465
007145
001587
007248
006642
005031
004967
003257
002610
000403
007432
000726
004444
005929
005157
003126
000092
003096
007264
005245
001261
001979
005119
001021
003026
004045
001949
005147
007257
003081
003525
003331
005424
004084
005557
000361
003561
002831
004691
002263
000431
006526
004026
007390
001775
005622
007319
000243
004775
001461
005652
001080
004467
004140
002414
000628
003532
002866
006618
001025
000302
005967
001380
004437
007377
005433
007105
004293
000833
000578
006743
003421
002986
004200
002699
007328
006316
002895
006888
006218
006286
005740
001915
003955
004324
006835
001435
003317
002606
005707
001535
000105
006057
000728
000584
000437
006999
000871
003380
006781
003877
002626
006565
000399
004758
006516
003038
004752
004823
004055
005989
004768
006628
002028
004147
000217
006870
001224
000589
001596
002532
003889
002487
002084
006125
002499
002531
007290
001670
002236
001257
005554
000683
003759
006211
002755
004544
001861
007347
004968
004806
002044
005594
002524
004483
006963
006829
003778
003780
000600
002912
000013
003227
000495
003743
000680
002390
000094
000939
002882
004129
002232
007445
001067
002313
003866
002359
003324
000982
003426
002660
004191
007054
000450
000268
003139
003675
004820
005374
000030
000962
000188
000124
006126
001694
004682
001654
007174
003544
000358
001959
001652
003222
000122
004713
000376
004013
002124
001105
004802
003535
000226
001787
002978
001228
003163
004277
003341
002949
002226
002546
004100
006494
000700
007391
005847
003265
001240
001633
004709
004893
006666
000072
002409
005288
005686
000816
001897
004743
000289
001015
007101
000528
000894
000150
003373
005104
004368
006161
004073
005945
003391
004162
004312
004382
003406
002828
006220
007055
003716
003155
004435
003299
006027
003330
004650
001742
001095
006346
006064
006304
003432
002428
003137
007144
003910
004144
001615
006201
003240
001594
000708
000003
003173
002745
006531
003947
000996
003529
002358
004778
007239
005876
007411
005045
003929
002772
001267
007467
005753
003280
000444
005704
005679
003338
006234
002009
002163
001309
006504
002841
000638
006935
000790
001012
001225
000684
003132
004230
002833
000531
003485
005805
006918
004310
003812
000001
002104
007253
003315
000249
007340
006725
001336
001524
000694
003293
006692
006586
002883
006667
006766
001920
003205
003657
004930
006285
006723
005738
004448
005152
005748
002314
001027
006958
003135
000551
006990
006490
007399
006604
005096
007474
001030
001355
004572
005832
005800
006800
004545
004208
003400
006008
003374
001805
006279
003465
003524
003705
001674
006358
001961
001311
005633
001236
004854
001074
005283
001172
003935
005469
007418
001357
005781
006988
001986
000069
002158
006207
000209
005553
003254
004622
006448
001831
000710
005687
001668
000472
005609
004762
003084
007342
001732
001941
003717
000374
001157
006707
007302
000391
005023
005605
003581
000178
002298
006142
001064
001199
007407
006219
006464
005312
003978
000131
000518
004571
005743
001164
001005
006973
001585
003785
002506
004535
002707
006383
006326
006804
005899
005682
005498
006409
006336
000831
003181
000133
004290
006803
000309
005493
000874
005126
001401
006957
001469
001755
007089
006824
005061
000447
002987
006454
001826
004784
001579
004060
000050
000614
003337
001996
006116
007207
000929
004821
002760
002964
003690
000234
007182
006200
007181
000920
006978
006137
003386
007261
000675
004004
005461
007000
003189
001173
004977
003397
006993
006272
006373
005314
000402
000303
005799
000132
004406
000685
005857
001628
002549
001905
000320
002416
001669
001480
001768
001860
005725
003056
006236
001806
007236
001290
006058
005764
005362
000565
006556
000326
002805
000760
001781
003327
003855
003930
002295
003740
006222
003861
000284
000180
003316
006947
005141
004655
000829
005745
003931
000118
002756
001974
004964
005843
005570
002186
006903
004202
000325
003355
002846
002337
007202
006557
000046
005620
002543
006926
005981
002228
004927
000227
006441
003394
004363
006158
002398
005484
006413
003971
004113
004891
002936
004717
003647
001925
002367
001083
004774
006500
000055
000448
001684
002402
000142
004872
003515
003322
003950
005457
003566
007003
004755
004645
006324
005168
005073
003161
004449
000380
003531
000842
001954
002800
002925
001195
005757
000117
001371
006407
000866
003610
000661
001611
005870
000717
002252
002860
007394
006635
002327
007195
005243
003998
002488
006793
007179
004507
006916
006627
001444
002018
003724
005256
005016
006825
003039
000594
000080
002793
007112
000262
005869
002983
004608
000372
006742
004623
005573
002594
003384
001551
003129
005009
001366
004304
003176
002814